0.0018361
0.001591
0.0015104
0.0014607
0.0014249
0.0013972
0.0013747
0.0013559
0.0013397
0.0013255
0.001313
0.0013018
0.0012917
0.0012824
0.001274
0.0012662
0.001259
0.0012523
0.001246
0.0012402
0.0012347
0.0012295
0.0012246
0.00122
0.0012156
0.0012114
0.0012075
0.0012037
0.0012001
0.0011967
0.0011934
0.0011903
0.0011872
0.0011844
0.0011816
0.0011789
0.0011764
0.0011739
0.0011716
0.0011693
0.0011671
0.001165
0.001163
0.001161
0.0011591
0.0011573
0.0011555
0.0011538
0.0011522
0.0011506
0.001149
0.0011476
0.0011461
0.0011448
0.0011434
0.0011421
0.0011409
0.0011397
0.0011385
0.0011374
0.0011363
0.0011353
0.0011343
0.0011333
0.0011323
0.0011314
0.0011306
0.0011297
0.0011289
0.0011282
0.0011274
0.0011267
0.001126
0.0011254
0.0011247
0.0011241
0.0011236
0.001123
0.0011225
0.001122
0.0011215
0.0011211
0.0011207
0.0011203
0.0011199
0.0011196
0.0011193
0.001119
0.0011187
0.0011184
0.0011182
0.001118
0.0011178
0.0011177
0.0011175
0.0011174
0.0011173
0.0011173
0.0011172
0.0011172
0.0011172
0.0011172
0.0011173
0.0011173
0.0011174
0.0011175
0.0011177
0.0011178
0.001118
0.0011182
0.0011184
0.0011187
0.001119
0.0011193
0.0011196
0.0011199
0.0011203
0.0011207
0.0011211
0.0011215
0.001122
0.0011225
0.001123
0.0011236
0.0011241
0.0011247
0.0011254
0.001126
0.0011267
0.0011274
0.0011282
0.0011289
0.0011297
0.0011306
0.0011314
0.0011323
0.0011333
0.0011343
0.0011353
0.0011363
0.0011374
0.0011385
0.0011397
0.0011409
0.0011421
0.0011434
0.0011448
0.0011461
0.0011476
0.001149
0.0011506
0.0011522
0.0011538
0.0011555
0.0011573
0.0011591
0.001161
0.001163
0.001165
0.0011671
0.0011693
0.0011716
0.0011739
0.0011764
0.0011789
0.0011816
0.0011844
0.0011872
0.0011903
0.0011934
0.0011967
0.0012001
0.0012037
0.0012075
0.0012114
0.0012156
0.00122
0.0012246
0.0012295
0.0012347
0.0012402
0.001246
0.0012523
0.001259
0.0012662
0.001274
0.0012824
0.0012917
0.0013018
0.001313
0.0013255
0.0013397
0.0013559
0.0013747
0.0013972
0.0014249
0.0014607
0.0015104
0.001591
0.0018361