2.472e-06
1.7082e-05
4.5696e-05
8.7665e-05
0.00014236
0.00020915
0.00028743
0.0003766
0.00047609
0.00058531
0.00070372
0.00083076
0.00096591
0.0011086
0.0012584
0.0014148
0.0015773
0.0017454
0.0019186
0.0020966
0.0022788
0.0024648
0.0026543
0.0028468
0.0030419
0.0032393
0.0034385
0.0036392
0.0038411
0.0040438
0.004247
0.0044503
0.0046535
0.0048562
0.0050582
0.0052592
0.0054589
0.005657
0.0058533
0.0060476
0.0062396
0.0064291
0.0066158
0.0067996
0.0069803
0.0071577
0.0073315
0.0075017
0.007668
0.0078304
0.0079885
0.0081425
0.0082919
0.0084369
0.0085772
0.0087127
0.0088433
0.0089689
0.0090895
0.009205
0.0093152
0.0094202
0.0095198
0.0096141
0.0097028
0.0097861
0.0098639
0.0099361
0.010003
0.010064
0.010119
0.010169
0.010213
0.010252
0.010285
0.010312
0.010334
0.010351
0.010362
0.010367
0.010367
0.010362
0.010351
0.010335
0.010314
0.010288
0.010256
0.01022
0.010178
0.010132
0.010081
0.010025
0.0099649
0.0099
0.0098307
0.0097571
0.0096792
0.0095972
0.0095112
0.0094212
0.0093275
0.0092301
0.0091291
0.0090246
0.0089168
0.0088057
0.0086916
0.0085745
0.0084545
0.0083318
0.0082065
0.0080788
0.0079487
0.0078164
0.007682
0.0075457
0.0074076
0.0072678
0.0071265
0.0069838
0.0068398
0.0066947
0.0065486
0.0064016
0.0062539
0.0061056
0.0059568
0.0058077
0.0056584
0.0055091
0.0053598
0.0052107
0.0050619
0.0049136
0.0047659
0.0046188
0.0044726
0.0043273
0.0041831
0.0040401
0.0038984
0.003758
0.0036192
0.003482
0.0033465
0.0032129
0.0030812
0.0029515
0.002824
0.0026986
0.0025756
0.0024549
0.0023367
0.0022211
0.0021081
0.0019977
0.0018901
0.0017854
0.0016835
0.0015845
0.0014885
0.0013955
0.0013056
0.0012188
0.0011351
0.0010546
0.00097722
0.00090306
0.00083209
0.00076434
0.00069979
0.00063845
0.00058029
0.00052531
0.00047348
0.00042477
0.00037915
0.00033657
0.00029699
0.00026035
0.0002266
0.00019566
0.00016746
0.00014191
0.00011894
9.8446e-05
8.0323e-05
6.4462e-05
5.0747e-05
3.9051e-05
2.9243e-05
2.118e-05
1.4716e-05
9.6931e-06
5.9466e-06
3.3036e-06
1.5826e-06
5.9365e-07
1.3831e-07
9.3002e-09
9.4502e-09
